3 0 1653 6918 
8 1 1654 2716 3091 3638 5175 5432 6919 
13 2 1655 2105 2145 2203 2300 2461 2719 3093 3642 4393 5434 6933 
10 3 1656 2301 2462 2721 3094 3643 4399 5435 6934 
7 4 1657 3095 3644 4401 5438 6944 
5 5 1658 4402 5439 6997 
6 6 1659 3652 4408 5443 7001 
11 7 1660 2204 2302 2463 2723 3096 3653 4403 5446 6964 
7 8 1661 3097 3656 4412 5449 6976 
6 9 1662 3658 4416 5454 6993 
5 10 1663 4418 5456 7002 
15 11 1664 2056 2087 2107 2146 2205 2303 2466 2724 3098 3660 4422 5458 7008 
6 12 1665 3661 4424 5459 7011 
8 13 1666 2725 3099 3662 4425 5460 7017 
13 14 1667 2108 2148 2206 2304 2468 2726 3100 3664 4427 5461 7024 
9 15 1668 2469 2727 3102 3665 4432 5467 7035 
5 16 1669 4434 5463 6991 
8 17 1670 2728 3106 3670 4442 5470 7039 
8 18 1671 2730 3107 3671 4445 5471 7049 
8 19 1672 2732 3109 3674 4446 5474 7105 
8 20 1673 2733 3110 3676 4448 5476 7058 
14 21 1674 2076 2088 2149 2207 2306 2471 2734 3111 3677 4444 5485 7038 
7 22 1675 3113 3679 4447 5493 7111 
12 23 1676 2150 2208 2307 2472 2739 3115 3681 4451 5499 7112 
4 24 1677 5490 7123 
8 25 1678 2740 3118 3683 4456 5494 7057 
10 26 1679 2308 2473 2741 3120 3684 4457 5501 7044 
5 27 1680 4458 5504 7133 
10 28 1681 2309 2474 2743 3125 3687 4459 5505 6981 
8 29 1682 2744 3126 3688 4460 5508 7138 
5 30 1683 4462 5512 7157 
13 31 1684 2109 2151 2209 2310 2475 2746 3127 3690 4473 5515 7093 
13 32 1685 2110 2152 2210 2311 2470 2747 3128 3694 4476 5524 7036 
12 33 1686 2153 2211 2312 2476 2749 3131 3695 4463 5531 7160 
8 34 1687 2750 3132 3698 4479 5536 7163 
10 35 1688 2314 2478 2752 3134 3700 4484 5538 7175 
15 36 1689 2077 2089 2111 2154 2212 2317 2479 2745 3140 3702 4488 5542 7166 
9 37 1690 2481 2753 3142 3703 4490 5543 7168 
7 38 1691 3143 3705 4501 5544 7173 
11 39 1692 2213 2315 2483 2755 3144 3706 4492 5545 7154 
12 40 1693 2155 2214 2318 2484 2756 3150 3707 4498 5547 7185 
6 41 1694 3711 4504 5549 7214 
9 42 1695 2485 2757 3151 3712 4500 5551 7042 
8 43 1696 2759 3152 3713 4506 5555 7181 
9 44 1697 2090 2761 3153 3715 4509 5561 7204 
5 45 1698 4510 5436 7183 
4 46 1699 5563 7281 
11 47 1700 2215 2319 2486 2763 3155 3716 4513 5571 7215 
4 48 1701 5575 7115 
9 49 1702 2487 2764 3158 3718 4517 5586 7053 
7 50 1703 3162 3719 4518 5587 7192 
7 51 1704 3165 3720 4522 5560 7201 
3 52 1705 7202 
7 53 1706 3166 3723 4530 5588 7219 
8 54 1707 2766 3171 3724 4531 5591 7223 
6 55 1708 3727 4538 5592 7238 
10 56 1709 2321 2477 2767 3172 3728 4534 5596 7257 
11 57 1710 2216 2320 2488 2765 3175 3730 4540 5597 7251 
8 58 1711 2768 3177 3733 4541 5599 7283 
7 59 1712 3178 3734 4542 5606 7288 
6 60 1713 3737 4545 5607 7235 
9 61 1714 2489 2769 3179 3741 4548 5616 7261 
10 62 1715 2322 2490 2770 3180 3742 4553 5613 7307 
11 63 1716 2218 2323 2491 2772 3164 3744 4554 5609 7289 
8 64 1717 2773 3183 3745 4556 5618 7335 
4 65 1718 5629 7264 
9 66 1719 2492 2775 3184 3749 4563 5631 7302 
9 67 1720 2493 2778 3182 3755 4564 5633 7304 
11 68 1721 2219 2325 2494 2779 3185 3759 4567 5646 7311 
3 69 1722 7338 
13 70 1723 2112 2156 2220 2324 2495 2780 3137 3762 4568 5623 7089 
13 71 1724 2063 2157 2221 2326 2496 2785 3186 3766 4570 5637 7343 
11 72 1725 2222 2328 2497 2786 3187 3769 4577 5644 7290 
5 73 1726 4578 5647 7348 
9 74 1727 2498 2789 3189 3771 4580 5652 7349 
5 75 1728 4579 5653 7241 
11 76 1729 2113 2329 2499 2792 3192 3780 4581 5630 7228 
7 77 1730 3191 3781 4592 5657 7356 
5 78 1731 4598 5659 7395 
7 79 1732 3194 3787 4599 5661 7374 
12 80 1733 2158 2223 2330 2500 2793 3195 3791 4600 5665 7371 
13 81 1734 2078 2114 2224 2331 2501 2794 3198 3792 4606 5666 7404 
9 82 1735 1992 2064 3201 3797 4610 5664 7375 
9 83 1736 2502 2795 3204 3777 4611 5669 7405 
7 84 1737 3206 3800 4614 5672 7390 
12 85 1738 2159 2225 2332 2503 2796 3207 3804 4620 5673 7252 
6 86 1739 3801 4622 5676 7350 
9 87 1740 2504 2798 3209 3809 4626 5682 7441 
10 88 1741 2333 2505 2800 3214 3812 4631 5685 7460 
7 89 1742 3215 3814 4633 5688 7459 
9 90 1743 2506 2801 3217 3806 4640 5687 7472 
7 91 1744 3218 3819 4641 5696 7391 
12 92 1745 2160 2226 2334 2508 2803 3219 3815 4649 5683 7489 
12 93 1746 2161 2227 2335 2509 2804 3223 3820 4650 5697 7487 
10 94 1747 2336 2510 2806 3224 3822 4660 5707 7481 
10 95 1748 2337 2513 2807 3226 3823 4662 5714 7509 
8 96 1749 2808 3212 3825 4670 5718 7537 
8 97 1750 2810 3227 3834 4669 5720 7527 
5 98 1751 4671 5723 7539 
11 99 1752 2228 2338 2514 2811 3229 3831 4672 5726 7559 
9 100 1753 2515 2812 3234 3832 4674 5728 7566 
7 101 1754 3235 3761 4676 5731 7450 
13 102 1755 2115 2162 2229 2339 2516 2813 3237 3835 4678 5735 7565 
10 103 1756 2340 2517 2814 3238 3836 4680 5745 7586 
12 104 1757 2057 2230 2341 2518 2815 3240 3837 4683 5749 7568 
4 105 1758 5753 7603 
6 106 1759 3838 4684 5758 7393 
7 107 1760 3241 3844 4688 5760 7496 
9 108 1761 2521 2816 3242 3848 4691 5774 7593 
10 109 1762 2163 2522 2817 3243 3850 4692 5775 7606 
7 110 1763 3244 3853 4695 5776 6994 
7 111 1764 3246 3854 4697 5778 7589 
7 112 1765 3247 3856 4700 5788 7611 
7 113 1766 3248 3857 4701 5790 7617 
10 114 1767 2342 2524 2818 3250 3858 4702 5791 7615 
11 115 1768 2231 2343 2526 2819 3252 3860 4716 5797 7641 
8 116 1769 2820 3254 3861 4841 5798 7590 
8 117 1770 2821 3255 3863 4719 5806 7649 
10 118 1771 2344 2527 2822 3256 3864 4723 5773 7437 
9 119 1772 2528 2824 3258 3870 4778 5811 7855 
13 120 1773 2079 2091 2232 2345 2529 2823 3259 3868 4725 5812 7676 
10 121 1774 2346 2530 2825 3260 3871 4707 5814 7681 
7 122 1775 3264 3872 4726 5817 7696 
14 123 1776 2065 2116 2164 2233 2347 2532 2826 3265 3876 4728 5819 7625 
9 124 1777 2117 2827 3268 3878 4729 5821 7667 
12 125 1778 2165 2234 2348 2533 2830 3273 3880 4731 5825 7700 
11 126 1779 2235 2349 2525 2832 3274 3882 4732 5828 7742 
7 127 1780 3272 3883 4721 5832 7673 
9 128 1781 2534 2833 3275 3884 4735 5836 7708 
8 129 1782 2834 3277 3886 4737 5840 7182 
9 130 1783 2535 2836 3279 3887 4741 5841 7714 
10 131 1784 2066 2539 2837 3280 3889 4745 5842 7751 
9 132 1785 2540 2839 3282 3890 4747 5848 7705 
8 133 1786 2840 3283 3892 4750 5850 7723 
10 134 1787 2350 2541 2842 3284 3896 4751 5854 7702 
6 135 1788 3897 4752 5855 7731 
8 136 1789 2841 3285 3898 4753 5857 7783 
11 137 1790 2236 2351 2542 2843 3286 3899 4755 5859 7766 
10 138 1791 2353 2544 2844 3287 3902 4757 5865 7739 
13 139 1792 2118 2167 2237 2354 2545 2845 3288 3903 4759 5873 7795 
6 140 1793 3906 4760 5874 7756 
9 141 1794 2067 2847 3289 3911 4766 5867 7814 
6 142 1795 3914 4768 5876 7467 
9 143 1796 2546 2831 3290 3916 4763 5877 6935 
13 144 1797 2119 2168 2238 2355 2547 2848 3293 3917 4769 5883 7851 
7 145 1798 3296 3920 4771 5884 7820 
11 146 1799 2239 2358 2549 2849 3297 3922 4779 5889 7824 
10 147 1800 2352 2550 2850 3298 3923 4783 5894 7825 
6 148 1801 3926 4785 5895 7826 
5 149 1802 4790 5896 7881 
11 150 1803 2120 2169 2552 2851 3300 3927 4795 5900 7842 
12 151 1804 2092 2240 2359 2553 2852 3301 3928 4799 5891 7833 
4 152 1805 5916 7906 
8 153 1806 2853 3302 3929 4803 5918 7834 
7 154 1807 3303 3932 4808 5923 7950 
6 155 1808 3934 4797 5926 7938 
5 156 1809 4811 5931 7953 
10 157 1810 2360 2554 2854 3304 3941 4812 5935 7878 
7 158 1811 3305 3942 4813 5936 7918 
6 159 1812 3943 4817 5937 7964 
5 160 1813 4820 5939 7623 
9 161 1814 2555 2855 3306 3935 4765 5942 7937 
12 162 1815 2068 2241 2361 2557 2856 3308 3944 4823 5930 7979 
7 163 1816 3309 3945 4837 5944 7980 
7 164 1817 3322 3950 4844 5953 7969 
9 165 1818 2558 2858 3310 3954 4846 5960 7968 
10 166 1819 2362 2560 2859 3312 3956 4859 5950 7996 
11 167 1820 2242 2363 2561 2860 3313 3957 4861 5924 7976 
7 168 1821 3318 3959 4860 5961 8002 
10 169 1822 2364 2562 2861 3315 3960 4862 5964 8001 
4 170 1823 5973 7983 
8 171 1824 2862 3320 3964 4864 5974 7789 
6 172 1825 3965 4883 5977 7917 
4 173 1826 5978 8008 
9 174 1827 2563 2863 3324 3969 4886 5987 8012 
8 175 1828 2864 3327 3971 4891 5988 8013 
7 176 1829 3330 3975 4896 5989 7985 
13 177 1830 2093 2170 2243 2365 2564 2865 3335 3977 4897 6007 8022 
10 178 1831 2367 2565 2866 3336 3978 4898 6010 8036 
9 179 1832 2567 2868 3331 3980 4900 6011 8044 
10 180 1833 2069 2569 2870 3337 3981 4901 6016 8091 
10 181 1834 2368 2570 2871 3341 3984 4904 6019 7989 
12 182 1835 2171 2244 2369 2572 2872 3343 3982 4905 6022 8069 
8 183 1836 2873 3344 3909 4908 6032 8046 
5 184 1837 4909 6045 7943 
9 185 1838 2070 2874 3339 3983 4911 6051 8057 
8 186 1839 2876 3346 3985 4916 6060 8098 
10 187 1840 2370 2574 2875 3347 3955 4918 6063 8053 
4 188 1841 6057 8054 
9 189 1842 2575 2877 3348 3987 4922 6073 8100 
12 190 1843 2121 2172 2371 2579 2878 3349 3994 4923 6065 8123 
7 191 1844 3350 3995 4925 6074 8120 
12 192 1845 2173 2246 2372 2580 2879 3352 3996 4926 6079 8089 
12 193 1846 2174 2245 2373 2582 2880 3353 3998 4927 6080 8078 
5 194 1847 4929 6084 7524 
6 195 1848 4000 4931 6087 8106 
6 196 1849 4005 4936 6093 8122 
9 197 1850 2583 2884 3355 4009 4943 6086 8131 
8 198 1851 2886 3356 4010 4945 6096 7951 
10 199 1852 2080 2584 2887 3931 4013 4951 6099 7986 
8 200 1853 2888 3357 4015 4955 6104 7992 
9 201 1854 2586 2889 3359 4018 4956 6111 8138 
2 202 1855 
8 203 1856 2890 3363 4019 4961 6052 8152 
9 204 1857 2587 2891 3365 4022 4962 6112 8124 
7 205 1858 3367 4040 4952 6113 8087 
11 206 1859 2247 2374 2588 2894 3369 4032 4967 6124 8154 
11 207 1860 2081 2375 2590 2892 3372 4030 4968 6127 8216 
10 208 1861 2376 2591 2897 3374 4041 4971 6136 8163 
12 209 1862 2175 2248 2378 2592 2895 3376 4042 4972 6148 8169 
13 210 1863 2122 2177 2249 2379 2593 2896 3378 4047 4976 6152 8171 
11 211 1864 2250 2380 2594 2901 3379 4049 4977 6153 8147 
4 212 1865 6151 8174 
10 213 1866 2071 2595 2902 3380 4052 4978 6154 8178 
9 214 1867 2058 2903 3382 4054 4982 6158 8019 
6 215 1868 4057 4983 6177 8185 
11 216 1869 2094 2366 2596 2905 3383 4061 4987 6170 8195 
9 217 1870 2597 2906 3385 4067 4963 6176 8166 
10 218 1871 2381 2598 2908 3361 4069 4991 6145 8196 
11 219 1872 2251 2383 2602 2909 3386 4075 4993 6185 8210 
13 220 1873 2124 2178 2252 2382 2604 2911 3387 4077 4994 6187 8211 
13 221 1874 2125 2179 2253 2386 2606 2914 3388 4079 4996 6191 8226 
10 222 1875 2387 2607 2915 3389 4081 4998 6193 8232 
10 223 1876 2388 2608 2918 3390 4082 5002 6194 8217 
6 224 1877 4083 5003 6210 8222 
6 225 1878 4086 5010 6212 8265 
14 226 1879 2072 2126 2180 2254 2389 2600 2921 3392 4091 5011 6221 8267 
7 227 1880 4023 4095 5015 6226 8269 
6 228 1881 4097 5020 6227 8279 
9 229 1882 2609 2922 3399 4102 5022 6229 8301 
7 230 1883 2073 4103 5024 6230 8280 
13 231 1884 2127 2181 2255 2390 2610 2923 3391 4108 5029 6233 8275 
8 232 1885 2925 3400 4110 5030 6241 8260 
12 233 1886 2182 2256 2391 2611 2926 3401 4114 5033 6242 8238 
4 234 1887 6050 8308 
14 235 1888 2059 2128 2183 2257 2392 2612 2929 3402 4116 4946 6246 8311 
8 236 1889 2931 3405 4118 5035 6250 8321 
8 237 1890 2924 3407 4120 5037 6257 8331 
10 238 1891 2394 2613 2932 3408 4122 5044 6258 8337 
4 239 1892 6260 8349 
6 240 1893 4124 5046 6266 7688 
7 241 1894 3412 4126 5047 6271 8350 
7 242 1895 3413 4127 5048 6273 8363 
11 243 1896 2258 2395 2614 2933 3415 4129 5051 6278 8333 
10 244 1897 2393 2615 2936 3417 4132 5055 6285 8371 
5 245 1898 5057 6288 8364 
6 246 1899 4133 5056 6289 8375 
9 247 1901 2616 2939 3422 4134 5058 6291 8377 
12 248 1902 2184 2259 2396 2617 2940 3419 4131 5063 6294 8423 
6 249 1903 4140 5065 6295 7358 
14 250 1904 2095 2129 2185 2260 2397 2618 2943 3423 4142 5068 6300 8332 
9 251 1905 2619 2945 3427 4145 5072 6302 8429 
8 252 1906 2946 3431 4146 5073 6311 8572 
10 253 1907 2398 2620 2951 3434 4149 5077 6314 8443 
11 254 1908 2096 2400 2621 2947 3437 4151 5078 6249 8384 
4 255 1909 6315 8113 
10 256 1910 2130 2623 2948 3440 4156 5084 6317 8463 
10 257 1911 2401 2624 2950 3441 4157 5095 6322 8235 
11 258 1912 2261 2402 2625 2944 3447 4158 5096 6323 8480 
12 259 1913 2131 2262 2403 2626 2953 3448 4160 5075 6330 7954 
9 260 1914 2627 2955 3428 4161 5098 6339 8453 
6 261 1915 4162 5108 6342 8497 
7 262 1916 3446 4165 5109 6348 8392 
7 263 1917 3449 4172 5110 6349 8499 
9 264 1918 2628 2956 3452 4174 5111 6350 8519 
7 265 1919 3455 4176 5115 6335 8503 
9 266 1920 2629 2960 3456 4177 5117 6351 8528 
9 267 1921 2630 2961 3458 4169 5118 6354 8365 
8 268 1922 2962 3460 4178 5119 6355 8569 
4 269 1923 6358 8501 
10 270 1924 2404 2631 2964 3464 4168 5121 6364 8507 
7 271 1925 3465 4180 5122 6365 8201 
9 272 1926 2632 2965 3472 4175 5125 6368 8582 
7 273 1927 3473 4179 5127 6371 8532 
7 274 1928 3478 4181 5128 6384 8414 
3 275 1929 8374 
11 276 1930 2263 2405 2633 2966 3479 4182 5130 6388 8535 
4 277 1931 6390 8467 
9 278 1932 2634 2968 3480 4183 5131 6400 8540 
8 279 1933 2970 3467 4185 5138 6405 7069 
10 280 1934 2406 2635 2971 3481 4186 5142 6417 8543 
5 281 1935 5126 6419 8558 
6 282 1936 4188 5144 6423 8594 
11 283 1937 2264 2407 2636 2974 3484 4189 5147 6433 8607 
5 284 1938 5148 6434 8612 
4 285 1939 6439 8638 
5 286 1940 5149 6401 8618 
8 287 1941 2976 3485 4191 5150 6441 8625 
11 288 1942 2265 2408 2637 2977 3486 4190 5157 6444 8611 
11 289 1943 2266 2409 2638 2978 3488 4192 5159 6445 8636 
10 290 1944 2410 2640 2980 3491 4474 5162 6448 8304 
8 291 1945 2983 3492 4193 5170 6453 8648 
10 292 1946 2411 2642 2984 3497 4197 5173 6458 8654 
11 293 1947 2267 2413 2643 2985 3499 4199 5174 6461 8669 
3 294 1948 8523 
13 295 1949 2132 2186 2268 2399 2644 2987 3500 4201 5176 6465 8717 
8 296 1950 2988 3502 4203 5177 6467 8674 
4 297 1951 6470 8677 
6 298 1952 4210 5179 6477 8199 
9 299 1953 2645 2990 3503 4212 5190 6464 8684 
6 300 1954 4166 5195 6479 8789 
13 301 1955 2097 2187 2269 2414 2646 2991 3504 4215 5198 6487 8685 
7 302 1956 3505 4216 5202 6482 8690 
7 303 1957 3506 4218 5203 6490 8613 
5 304 1958 5204 6489 8778 
10 305 1959 2098 2647 2993 3507 4220 5207 6492 8633 
10 306 1960 2416 2650 2994 3509 4148 5215 6494 8712 
4 307 1961 6500 8738 
4 308 1962 6505 8716 
11 309 1963 2133 2417 2653 2995 3511 4222 5209 6507 8723 
9 310 1964 2654 2997 3514 4202 5224 6514 8744 
8 311 1965 2998 3515 4226 5225 6518 8802 
5 312 1966 5230 6509 8775 
10 313 1967 2419 2655 3000 3516 4229 5232 6520 8666 
12 314 1968 2188 2270 2415 2656 2957 3517 4230 5233 6521 8770 
5 315 1969 5242 6522 8454 
12 316 1970 2099 2271 2420 2658 3001 3518 4231 5244 6524 8797 
7 317 1971 3519 4236 5247 6533 8710 
5 318 1972 5248 6534 8777 
9 319 1973 2134 3002 3520 4237 5239 6539 8700 
8 320 1974 3003 3521 4239 5253 6545 8818 
7 321 1975 3522 4240 5257 6559 8838 
9 322 1976 2659 3004 3523 4241 5264 6568 8847 
12 323 1977 2136 2272 2421 2662 3006 3525 4242 5265 6569 8850 
15 324 1978 2074 2082 2137 2189 2273 2422 2660 3010 3526 4243 5266 6573 8861 
8 325 1979 2423 2664 3008 3528 4251 5254 
10 326 1980 2424 2665 3011 3529 4252 5269 6585 8865 
10 327 1981 2425 2666 3012 3533 4254 5270 6586 8874 
9 328 1982 2667 3013 3535 4257 5272 6592 8866 
4 329 1983 6595 8870 
10 330 1984 2083 2427 2668 3014 3536 4261 5273 6600 
12 331 1985 2190 2274 2428 2669 3015 3543 4265 5274 6603 8345 
10 332 1986 2138 2670 3018 3545 4267 5275 6606 8740 
6 333 1987 4268 5251 6612 8877 
9 334 1988 2671 3019 3548 4269 5280 6613 8884 
8 335 1989 3020 3551 4262 5286 6616 8893 
8 336 1990 3021 3552 4271 5293 6623 8897 
5 337 1991 5294 6621 8887 
11 338 1993 2060 2100 2672 3022 3554 4272 5296 6624 8898 
12 339 1994 2101 2276 2429 2674 3023 3558 4273 5302 6576 8825 
13 340 1995 2102 2191 2277 2430 2677 3026 3397 4275 5311 6626 8925 
8 341 1996 3027 3559 4277 5312 6631 8879 
10 342 1997 2103 2676 3028 3561 4281 5316 6632 8905 
2 343 1998 
9 344 1999 2678 3031 3562 4283 5277 6637 8907 
13 345 2000 2139 2192 2279 2431 2679 3032 3563 4284 5318 6644 8910 
7 346 2001 3567 4286 5319 6650 8921 
7 347 2002 3568 4287 5322 6214 8939 
8 348 2003 3033 3569 4288 5325 6661 8908 
8 349 2004 3034 3571 4290 5320 6665 9069 
6 350 2005 4292 5331 6667 8941 
13 351 2006 2084 2193 2280 2433 2680 3035 3575 4294 5333 6675 8942 
4 352 2007 6676 8753 
15 353 2008 2061 2075 2140 2194 2281 2434 2682 3037 3576 4295 5334 6685 8943 
8 354 2010 3039 3577 4296 5339 6687 8957 
12 355 2011 2195 2282 2435 2683 3040 3581 4298 5342 6690 8972 
8 356 2012 3041 3582 4301 5784 6691 8947 
6 357 2013 4303 5348 6693 8959 
6 358 2014 4305 5346 6664 8971 
12 359 2015 2085 2283 2437 2649 3042 3586 4308 5354 6700 8964 
9 360 2016 2684 3043 3587 4310 5361 6701 8980 
9 361 2017 2685 3045 3588 4311 5362 6702 9004 
7 362 2018 3589 4312 5355 6715 9005 
4 363 2019 6717 9013 
11 364 2020 2062 2438 2687 3046 3591 4313 5363 6721 9025 
10 365 2021 2439 2688 3048 3590 4315 5364 6723 9034 
7 366 2022 3592 4316 5368 6748 9067 
11 367 2023 2284 2440 2689 3056 3594 4319 5328 6731 9058 
9 368 2024 2690 3058 3595 4320 5370 6750 9088 
11 369 2025 2285 2441 2691 3059 3597 4321 5390 6760 9061 
15 370 2026 2086 2104 2141 2196 2286 2443 2692 3060 3598 4324 5373 6481 9119 
8 371 2027 3061 3600 4325 5399 6761 9203 
7 372 2028 3599 4332 5376 6766 9243 
7 373 2029 3604 4333 5388 6768 9227 
8 374 2030 3062 3609 4337 5146 6769 9311 
13 375 2031 2142 2197 2287 2444 2693 3063 3610 4338 5389 6770 9120 
4 376 2032 6775 9196 
12 377 2033 2198 2288 2445 2697 3064 3421 4339 5392 6782 9131 
10 378 2034 2446 2694 3069 3611 4341 5395 6789 9123 
11 379 2035 2289 2447 2698 3070 3612 4348 5397 6792 9146 
13 380 2036 2143 2199 2290 2448 2699 3071 3613 4350 5276 6795 9198 
10 381 2037 2449 2700 3074 3617 4354 5398 6817 9250 
8 382 2038 3075 3618 4357 5401 6819 8372 
9 383 2039 2701 3076 3619 4361 5404 6828 9215 
11 384 2040 2291 2450 2703 3078 3620 4363 5344 6840 9024 
12 385 2041 2144 2200 2451 2702 3079 3624 4340 5407 6827 9178 
10 386 2042 2452 2704 3080 3626 4364 5408 6844 9126 
11 387 2043 2292 2454 2705 3081 3627 4367 5410 6847 8137 
12 388 2044 2201 2294 2455 2707 3082 3628 4368 5412 6853 9172 
12 389 2045 2202 2295 2456 2708 3084 3630 4374 5413 6867 9201 
6 390 2046 4375 5414 6869 9099 
8 391 2047 3085 3631 4378 5415 6870 9296 
11 392 2048 2298 2457 2709 3087 3633 4380 5416 6872 9206 
3 393 2049 9259 
7 394 2050 3634 4382 5418 6878 9309 
10 395 2051 2458 2712 3086 3637 4383 5419 6889 9536 
10 396 2052 2459 2713 3088 3641 4390 5423 6890 9176 
7 397 2053 4865 4391 5429 6895 9290 
11 398 2054 2299 2460 2715 3089 3635 4392 5431 6917 9326 
3 399 2055 9312 
