73 0 1653 1764 1775 2259 2293 2326 2359 4782 4861 4940 5020 5101 5181 5261 5341 5421 5501 5581 5661 5742 5823 5904 5985 6066 6147 6228 6309 6390 6471 6552 6633 6714 6795 6876 6957 7038 7119 7200 7281 7362 7443 7524 7605 7686 7767 7848 7929 8010 8091 8172 8253 8334 8415 8496 8577 8658 8739 8820 8901 8982 9063 9144 9225 9306 9387 9468 9549 9630 9711 9792 9873 9954 
83 1 1654 2470 3722 3790 3857 3924 3992 4061 4129 4197 4265 4333 4405 4478 4553 4629 4705 4783 4862 4941 5021 5102 5182 5262 5342 5422 5502 5582 5662 5743 5824 5905 5986 6067 6148 6229 6310 6391 6472 6553 6634 6715 6796 6877 6958 7039 7120 7201 7282 7363 7444 7525 7606 7687 7768 7849 7930 8011 8092 8173 8254 8335 8416 8497 8578 8659 8740 8821 8902 8983 9064 9145 9226 9307 9388 9469 9550 9631 9712 9793 9874 9955 
127 2 1655 1881 1891 1899 1908 1919 1933 1948 1962 1980 1998 2023 2045 2067 2091 2111 2130 2150 2174 2203 2232 2260 2471 2511 2552 2594 2637 2680 2722 2763 2807 2852 2898 2946 2992 3038 3085 3134 3184 3237 3292 3350 3409 3469 3530 3592 3656 3723 3791 3858 3925 3993 4062 4130 4198 4334 4406 4479 4554 4630 4706 4784 4863 4942 5022 5103 5183 5263 5343 5423 5503 5583 5663 5744 5825 5906 5987 6068 6149 6230 6311 6392 6473 6554 6635 6716 6797 6878 6959 7040 7121 7202 7283 7364 7445 7526 7607 7688 7769 7850 7931 8012 8093 8174 8255 8336 8417 8498 8579 8660 8741 8822 8903 8984 9065 9146 9227 9308 9389 9470 9551 9632 9713 9794 9875 9956 
128 3 1656 1826 1949 1963 1981 1999 2024 2046 2068 2092 2112 2131 2151 2175 2204 2233 2261 2294 2327 2360 2396 2432 2472 2512 2553 2595 2638 2681 2723 2764 2808 2853 2899 2947 2993 3039 3086 3135 3185 3238 3293 3351 3410 3470 3531 3593 3657 3724 3792 3859 3926 3994 4063 4131 4199 4266 4335 4407 4480 4555 4631 4707 4785 4864 4943 5023 5104 5184 5264 5344 5424 5504 5584 5664 5745 5826 5907 5988 6069 6150 6231 6312 6393 6474 6555 6636 6717 6798 6879 6960 7041 7122 7203 7284 7365 7446 7527 7608 7689 7770 7851 7932 8013 8094 8175 8256 8337 8418 8499 8580 8661 8742 8823 8904 8985 9066 9147 9228 9309 9390 9471 9552 9633 9714 9795 9876 9957 
103 4 1657 1739 1741 2000 2397 2433 2473 2513 2554 2596 2639 2682 2724 2765 2809 2854 2900 2948 2994 3040 3087 3136 3186 3239 3294 3352 3411 3471 3532 3594 3658 3725 3793 4481 4556 4632 4708 4786 4865 4944 5024 5105 5185 5265 5345 5425 5505 5585 5665 5746 5827 5908 5989 6070 6151 6232 6313 6394 6475 6556 6637 6718 6799 6880 6961 7042 7123 7204 7285 7366 7447 7528 7609 7690 7771 7852 7933 8014 8095 8176 8257 8338 8419 8500 8581 8662 8743 8824 8905 8986 9067 9148 9229 9310 9391 9472 9553 9634 9715 9796 9877 9958 
109 5 1658 1804 1815 1827 1835 1840 1847 1856 1865 1873 1882 1892 1900 1909 1920 1934 3041 3088 3137 3187 3240 3295 3353 3412 3472 3533 3595 3659 3726 3794 3860 3927 3995 4064 4132 4200 4267 4336 4408 4482 4557 4633 4709 4787 4866 4945 5025 5106 5186 5266 5346 5426 5506 5586 5666 5747 5828 5909 5990 6071 6152 6233 6314 6395 6476 6557 6638 6719 6800 6881 6962 7043 7124 7205 7286 7367 7448 7529 7610 7691 7772 7853 7934 8015 8096 8177 8258 8339 8420 8501 8582 8663 8744 8825 8906 8987 9068 9149 9230 9311 9392 9473 9554 9635 9716 9797 9878 9959 
118 6 1659 1816 2152 2176 2205 2234 2262 2295 2328 2361 2398 2434 2474 2514 2555 2597 2640 2683 2725 2766 2810 2855 2901 2949 2995 3042 3089 3138 3188 3241 3296 3354 3413 3473 3534 3596 3660 3727 3795 3861 3928 3996 4065 4133 4201 4268 4337 4409 4483 4558 4634 4710 4788 4867 4946 5026 5107 5187 5267 5347 5427 5507 5587 5667 5748 5829 5910 5991 6072 6153 6234 6315 6396 6477 6558 6639 6720 6801 6882 6963 7044 7125 7206 7287 7368 7449 7530 7611 7692 7773 7854 7935 8016 8097 8178 8259 8340 8421 8502 8583 8664 8745 8826 8907 8988 9069 9150 9231 9312 9393 9474 9555 9636 9717 9798 9879 9960 
104 7 1660 1921 1935 1950 1964 2767 2811 2856 2902 2950 2996 3043 3090 3139 3189 3242 3297 3355 3414 3474 3535 3597 3661 3728 3796 3862 3929 3997 4066 4134 4202 4269 4338 4410 4484 4559 4635 4711 4789 4868 4947 5027 5108 5188 5268 5348 5428 5508 5588 5668 5749 5830 5911 5992 6073 6154 6235 6316 6397 6478 6559 6640 6721 6802 6883 6964 7045 7126 7207 7288 7369 7450 7531 7612 7693 7774 7855 7936 8017 8098 8179 8260 8341 8422 8503 8584 8665 8746 8827 8908 8989 9070 9151 9232 9313 9394 9475 9556 9637 9718 9799 9880 9961 
92 8 1661 2263 2296 2329 2362 2399 2435 2475 2515 2556 2598 2641 2684 2726 2768 2812 2857 3243 3298 3356 3415 3475 3536 3598 3662 3729 4790 4869 4948 5028 5109 5189 5269 5349 5429 5509 5589 5669 5750 5831 5912 5993 6074 6155 6236 6317 6398 6479 6560 6641 6722 6803 6884 6965 7046 7127 7208 7289 7370 7451 7532 7613 7694 7775 7856 7937 8018 8099 8180 8261 8342 8423 8504 8585 8666 8747 8828 8909 8990 9071 9152 9233 9314 9395 9476 9557 9638 9719 9800 9881 9962 
104 9 1662 2069 2093 2113 2132 2153 2177 2206 2235 2264 2297 2330 2363 2400 2436 2476 2516 3140 3190 3476 3537 3599 3663 3730 3797 3863 3930 3998 4067 4135 4203 4270 4339 4411 4485 4560 4636 4712 4791 4870 4949 5029 5110 5190 5270 5350 5430 5510 5590 5670 5751 5832 5913 5994 6075 6156 6237 6318 6399 6480 6561 6642 6723 6804 6885 6966 7047 7128 7209 7290 7371 7452 7533 7614 7695 7776 7857 7938 8019 8100 8181 8262 8343 8424 8505 8586 8667 8748 8829 8910 8991 9072 9153 9234 9315 9396 9477 9558 9639 9720 9801 9882 9963 
120 10 1663 1936 1951 1965 1982 2178 2207 2236 2265 2298 2331 2364 2401 2437 2477 2517 2557 2599 2642 2685 2727 2769 2813 2858 2903 2951 2997 3044 3091 3141 3191 3244 3299 3357 3416 3477 3538 3600 3664 3731 3798 3864 3931 3999 4068 4136 4204 4271 4340 4412 4486 4561 4637 4713 4792 4871 4950 5030 5111 5191 5271 5351 5431 5511 5591 5671 5752 5833 5914 5995 6076 6157 6238 6319 6400 6481 6562 6643 6724 6805 6886 6967 7048 7129 7210 7291 7372 7453 7534 7615 7696 7777 7858 7939 8020 8101 8182 8263 8344 8425 8506 8587 8668 8749 8830 8911 8992 9073 9154 9235 9316 9397 9478 9559 9640 9721 9802 9883 9964 
116 11 1664 1910 1922 1937 1952 1966 1983 2001 2025 2047 2070 2094 2114 2133 2154 2179 2208 2237 2266 2299 2332 2365 2402 2438 2478 2518 2558 2600 2643 2686 3417 3478 3539 3601 3665 3732 3799 3865 3932 4000 4069 4137 4205 4272 4341 4413 4487 4562 4638 4714 4793 4872 4951 5031 5112 5192 5272 5352 5432 5512 5592 5672 5753 5834 5915 5996 6077 6158 6239 6320 6401 6482 6563 6644 6725 6806 6887 6968 7049 7130 7211 7292 7373 7454 7535 7616 7697 7778 7859 7940 8021 8102 8183 8264 8345 8426 8507 8588 8669 8750 8831 8912 8993 9074 9155 9236 9317 9398 9479 9560 9641 9722 9803 9884 9965 
110 12 1665 2366 2403 2439 2479 2519 2559 2601 2644 2687 2728 2770 2814 2859 2904 2952 2998 3045 3092 3142 3192 3245 3300 3358 3418 3479 3540 3602 3666 3733 3800 3866 3933 4001 4070 4138 4206 4273 4342 4414 4488 4563 4639 4715 4794 4873 4952 5032 5113 5193 5273 5353 5433 5513 5593 5673 5754 5835 5916 5997 6078 6159 6240 6321 6402 6483 6564 6645 6726 6807 6888 6969 7050 7131 7212 7293 7374 7455 7536 7617 7698 7779 7860 7941 8022 8103 8184 8265 8346 8427 8508 8589 8670 8751 8832 8913 8994 9075 9156 9237 9318 9399 9480 9561 9642 9723 9804 9885 9966 
102 13 1666 1857 1866 1874 1883 1967 1984 2002 2026 2048 3093 3143 3193 3246 3301 3359 3419 3480 3541 3603 3667 3734 3801 3867 3934 4002 4071 4139 4207 4274 4343 4415 4489 4564 4640 4716 4795 4874 4953 5033 5114 5194 5274 5354 5434 5514 5594 5674 5755 5836 5917 5998 6079 6160 6241 6322 6403 6484 6565 6646 6727 6808 6889 6970 7051 7132 7213 7294 7375 7456 7537 7618 7699 7780 7861 7942 8023 8104 8185 8266 8347 8428 8509 8590 8671 8752 8833 8914 8995 9076 9157 9238 9319 9400 9481 9562 9643 9724 9805 9886 9967 
93 14 1667 3094 3144 3194 3247 3302 3360 3420 3481 3542 3604 3668 3735 3802 3868 3935 4003 4072 4140 4208 4275 4344 4416 4490 4565 4641 4717 4796 4875 4954 5034 5115 5195 5275 5355 5435 5515 5595 5675 5756 5837 5918 5999 6080 6161 6242 6323 6404 6485 6566 6647 6728 6809 6890 6971 7052 7133 7214 7295 7376 7457 7538 7619 7700 7781 7862 7943 8024 8105 8186 8267 8348 8429 8510 8591 8672 8753 8834 8915 8996 9077 9158 9239 9320 9401 9482 9563 9644 9725 9806 9887 9968 
89 15 1668 3303 3361 3421 3482 3543 3605 3669 3736 3803 3869 3936 4004 4073 4141 4209 4276 4345 4417 4491 4566 4642 4718 4797 4876 4955 5035 5116 5196 5276 5356 5436 5516 5596 5676 5757 5838 5919 6000 6081 6162 6243 6324 6405 6486 6567 6648 6729 6810 6891 6972 7053 7134 7215 7296 7377 7458 7539 7620 7701 7782 7863 7944 8025 8106 8187 8268 8349 8430 8511 8592 8673 8754 8835 8916 8997 9078 9159 9240 9321 9402 9483 9564 9645 9726 9807 9888 9969 
90 16 1669 2003 2520 2560 2602 2645 2688 2729 2771 2815 2860 2905 2953 2999 3046 3095 3145 3195 3248 4005 4492 4567 4643 4719 4798 4877 4956 5036 5117 5197 5277 5357 5437 5517 5597 5677 5758 5839 5920 6001 6082 6163 6244 6325 6406 6487 6568 6649 6730 6811 6892 6973 7054 7135 7216 7297 7378 7459 7540 7621 7702 7783 7864 7945 8026 8107 8188 8269 8350 8431 8512 8593 8674 8755 8836 8917 8998 9079 9160 9241 9322 9403 9484 9565 9646 9727 9808 9889 9970 
107 17 1670 2300 2333 2367 2404 2440 2480 2521 2561 2603 2646 2689 2730 2772 2816 2861 2906 3196 3249 3304 3362 3422 3483 3544 3606 3670 3737 3804 3870 3937 4006 4074 4142 4210 4277 4346 4418 4493 4568 4644 4720 4799 4878 4957 5037 5118 5198 5278 5358 5438 5518 5598 5678 5759 5840 5921 6002 6083 6164 6245 6326 6407 6488 6569 6650 6731 6812 6893 6974 7055 7136 7217 7298 7379 7460 7541 7622 7703 7784 7865 7946 8027 8108 8189 8270 8351 8432 8513 8594 8675 8756 8837 8918 8999 9080 9161 9242 9323 9404 9485 9566 9647 9728 9809 9890 9971 
84 18 1671 2301 2334 2368 2405 3871 3938 4007 4075 4143 4211 4278 4347 4419 4494 4569 4645 4721 4800 4879 4958 5038 5119 5199 5279 5359 5439 5519 5599 5679 5760 5841 5922 6003 6084 6165 6246 6327 6408 6489 6570 6651 6732 6813 6894 6975 7056 7137 7218 7299 7380 7461 7542 7623 7704 7785 7866 7947 8028 8109 8190 8271 8352 8433 8514 8595 8676 8757 8838 8919 9000 9081 9162 9243 9324 9405 9486 9567 9648 9729 9810 9891 9972 
104 19 1672 1923 1938 1953 2071 2180 2209 2238 2267 2302 2335 2369 2406 2441 2481 2522 2562 2604 2647 2690 2731 2773 2817 2862 2907 2954 3000 3047 3096 3146 3197 3250 3305 3363 3423 3484 3545 4722 4801 4880 4959 5039 5120 5200 5280 5360 5440 5520 5600 5680 5761 5842 5923 6004 6085 6166 6247 6328 6409 6490 6571 6652 6733 6814 6895 6976 7057 7138 7219 7300 7381 7462 7543 7624 7705 7786 7867 7948 8029 8110 8191 8272 8353 8434 8515 8596 8677 8758 8839 8920 9001 9082 9163 9244 9325 9406 9487 9568 9649 9730 9811 9892 9973 
122 20 1673 1749 1867 2049 2072 2095 2115 2134 2155 2181 2210 2239 2268 2303 2370 2407 2442 2482 2523 2563 2605 2648 2691 2732 2774 2863 2908 2955 3001 3048 3097 3147 3198 3251 3306 3364 3424 3485 3546 3607 3671 3738 3805 3872 3939 4008 4076 4144 4212 4279 4348 4420 4495 4570 4646 4723 4802 4881 4960 5040 5121 5201 5281 5361 5441 5521 5601 5681 5762 5843 5924 6005 6086 6167 6248 6329 6410 6491 6572 6653 6734 6815 6896 6977 7058 7139 7220 7301 7382 7463 7544 7625 7706 7787 7868 7949 8030 8111 8192 8273 8354 8435 8516 8597 8678 8759 8840 8921 9002 9083 9164 9245 9326 9407 9488 9569 9650 9731 9812 9893 9974 
105 21 1674 1736 1799 1805 1817 1828 2775 2818 2864 2909 2956 3002 3049 3098 3148 3199 3252 3307 3365 3425 3486 3547 3608 3672 3739 3806 3873 3940 4009 4077 4145 4213 4280 4349 4421 4496 4571 4647 4724 4803 4882 4961 5041 5122 5202 5282 5362 5442 5522 5602 5682 5763 5844 5925 6006 6087 6168 6249 6330 6411 6492 6573 6654 6735 6816 6897 6978 7059 7140 7221 7302 7383 7464 7545 7626 7707 7788 7869 7950 8031 8112 8193 8274 8355 8436 8517 8598 8679 8760 8841 8922 9003 9084 9165 9246 9327 9408 9489 9570 9651 9732 9813 9894 9975 
97 22 1675 2004 2027 2050 2073 2096 2336 2371 2408 2443 2483 2524 2564 2606 2649 2692 2733 2776 2819 2865 2910 2957 3003 3050 3099 4350 4422 4497 4572 4648 4725 4804 4883 4962 5042 5123 5203 5283 5363 5443 5523 5603 5683 5764 5845 5926 6007 6088 6169 6250 6331 6412 6493 6574 6655 6736 6817 6898 6979 7060 7141 7222 7303 7384 7465 7546 7627 7708 7789 7870 7951 8032 8113 8194 8275 8356 8437 8518 8599 8680 8761 8842 8923 9004 9085 9166 9247 9328 9409 9490 9571 9652 9733 9814 9895 9976 
84 23 1676 3609 3673 3740 3807 3874 3941 4010 4078 4146 4214 4281 4351 4423 4498 4573 4649 4726 4805 4884 4963 5043 5124 5204 5284 5364 5444 5524 5604 5684 5765 5846 5927 6008 6089 6170 6251 6332 6413 6494 6575 6656 6737 6818 6899 6980 7061 7142 7223 7304 7385 7466 7547 7628 7709 7790 7871 7952 8033 8114 8195 8276 8357 8438 8519 8600 8681 8762 8843 8924 9005 9086 9167 9248 9329 9410 9491 9572 9653 9734 9815 9896 9977 
96 24 1677 1757 2028 2051 2074 2304 2337 2372 2409 2444 2484 2565 2607 2650 3674 3741 3808 3875 3942 4011 4079 4147 4215 4282 4352 4424 4499 4574 4650 4727 4806 4885 4964 5044 5125 5205 5285 5365 5445 5525 5605 5685 5766 5847 5928 6009 6090 6171 6252 6333 6414 6495 6576 6657 6738 6819 6900 6981 7062 7143 7224 7305 7386 7467 7548 7629 7710 7791 7872 7953 8034 8115 8196 8277 8358 8439 8520 8601 8682 8763 8844 8925 9006 9087 9168 9249 9330 9411 9492 9573 9654 9735 9816 9897 9978 
88 25 1678 1829 2005 2029 2052 2075 2097 2116 3809 3876 3943 4012 4080 4148 4216 4283 4353 4425 4500 4575 4651 4728 4807 4886 4965 5045 5126 5206 5286 5366 5446 5526 5606 5686 5767 5848 5929 6010 6091 6172 6253 6334 6415 6496 6577 6658 6739 6820 6901 6982 7063 7144 7225 7306 7387 7468 7549 7630 7711 7792 7873 7954 8035 8116 8197 8278 8359 8440 8521 8602 8683 8764 8845 8926 9007 9088 9169 9250 9331 9412 9493 9574 9655 9736 9817 9898 9979 
108 26 1679 2445 2485 2525 2566 2608 2651 2693 2734 2777 2820 2866 2911 2958 3004 3051 3100 3149 3200 3253 3308 3366 3426 3487 3548 3610 3675 3742 3810 3877 3944 4013 4081 4149 4217 4284 4354 4426 4501 4576 4652 4729 4808 4887 4966 5046 5127 5207 5287 5367 5447 5527 5607 5687 5768 5849 5930 6011 6092 6173 6254 6335 6416 6497 6578 6659 6740 6821 6902 6983 7064 7145 7226 7307 7388 7469 7550 7631 7712 7793 7874 7955 8036 8117 8198 8279 8360 8441 8522 8603 8684 8765 8846 8927 9008 9089 9170 9251 9332 9413 9494 9575 9656 9737 9818 9899 9980 
103 27 1680 1893 1901 1911 1924 1939 1954 2912 2959 3005 3052 3101 3150 3201 3254 3309 3367 3427 3488 3549 3611 3676 3743 3811 3878 3945 4014 4082 4150 4218 4285 4355 4427 4502 4577 4653 4730 4809 4888 4967 5047 5128 5208 5288 5368 5448 5528 5608 5688 5769 5850 5931 6012 6093 6174 6255 6336 6417 6498 6579 6660 6741 6822 6903 6984 7065 7146 7227 7308 7389 7470 7551 7632 7713 7794 7875 7956 8037 8118 8199 8280 8361 8442 8523 8604 8685 8766 8847 8928 9009 9090 9171 9252 9333 9414 9495 9576 9657 9738 9819 9900 9981 
127 28 1681 1758 1761 1765 1771 1776 2053 2076 2098 2117 2135 2156 2182 2211 2240 2269 2305 2338 2373 2410 2446 2486 2526 2567 2609 2652 2694 2735 2778 2821 2867 2913 2960 3006 3053 3102 3151 3202 3255 3310 3368 3428 3489 3550 3612 3677 3744 3812 3879 3946 4015 4083 4151 4219 4286 4356 4428 4503 4578 4654 4731 4810 4889 4968 5048 5129 5209 5289 5369 5449 5529 5609 5689 5770 5851 5932 6013 6094 6175 6256 6337 6418 6499 6580 6661 6742 6823 6904 6985 7066 7147 7228 7309 7390 7471 7552 7633 7714 7795 7876 7957 8038 8119 8200 8281 8362 8443 8524 8605 8686 8767 8848 8929 9010 9091 9172 9253 9334 9415 9496 9577 9658 9739 9820 9901 9982 
104 29 1682 1793 1800 1806 1818 1830 1836 2136 2157 2183 2212 2241 3103 3152 3203 3256 3311 3369 3429 3490 3551 3613 3678 3745 3813 3880 3947 4016 4084 4152 4220 4287 4357 4429 4504 4579 4655 4732 4811 4890 4969 5049 5130 5210 5290 5370 5450 5530 5610 5690 5771 5852 5933 6014 6095 6176 6257 6338 6419 6500 6581 6662 6743 6824 6905 6986 7067 7148 7229 7310 7391 7472 7553 7634 7715 7796 7877 7958 8039 8120 8201 8282 8363 8444 8525 8606 8687 8768 8849 8930 9011 9092 9173 9254 9335 9416 9497 9578 9659 9740 9821 9902 9983 
97 30 1683 1766 1772 1777 1781 2137 2158 2184 2213 3312 3370 3430 3491 3552 3614 3679 3746 3814 3881 3948 4017 4085 4153 4221 4288 4358 4430 4505 4580 4656 4733 4812 4891 4970 5050 5131 5211 5291 5371 5451 5531 5611 5691 5772 5853 5934 6015 6096 6177 6258 6339 6420 6501 6582 6663 6744 6825 6906 6987 7068 7149 7230 7311 7392 7473 7554 7635 7716 7797 7878 7959 8040 8121 8202 8283 8364 8445 8526 8607 8688 8769 8850 8931 9012 9093 9174 9255 9336 9417 9498 9579 9660 9741 9822 9903 9984 
123 31 1684 1807 1819 1831 1848 1875 1884 1894 1902 1912 1925 1940 2306 2339 2374 2411 2447 2487 2527 2568 2610 2653 2695 2736 2779 2822 2868 2914 2961 3007 3054 3104 3153 3204 3257 3313 3371 3431 3492 3553 3615 3680 3747 3815 3882 3949 4018 4086 4154 4222 4289 4359 4431 4506 4581 4657 4734 4813 4892 4971 5051 5132 5212 5292 5372 5452 5532 5612 5692 5773 5854 5935 6016 6097 6178 6259 6340 6421 6502 6583 6664 6745 6826 6907 6988 7069 7150 7231 7312 7393 7474 7555 7636 7717 7798 7879 7960 8041 8122 8203 8284 8365 8446 8527 8608 8689 8770 8851 8932 9013 9094 9175 9256 9337 9418 9499 9580 9661 9742 9823 9904 9985 
110 32 1685 2375 2412 2448 2488 2528 2569 2611 2654 2696 2737 2780 2823 2869 2915 2962 3008 3055 3105 3154 3205 3258 3314 3372 3432 3493 3554 3616 3681 3748 3816 3883 3950 4019 4087 4155 4223 4290 4360 4432 4507 4582 4658 4735 4814 4893 4972 5052 5133 5213 5293 5373 5453 5533 5613 5693 5774 5855 5936 6017 6098 6179 6260 6341 6422 6503 6584 6665 6746 6827 6908 6989 7070 7151 7232 7313 7394 7475 7556 7637 7718 7799 7880 7961 8042 8123 8204 8285 8366 8447 8528 8609 8690 8771 8852 8933 9014 9095 9176 9257 9338 9419 9500 9581 9662 9743 9824 9905 9986 
89 33 1686 1786 1789 1794 2006 2376 2413 2449 2529 2570 2612 2655 2697 2738 2781 2824 4291 4361 4433 4508 4583 4659 4736 4815 4894 4973 5053 5134 5214 5294 5374 5454 5534 5614 5694 5775 5856 5937 6018 6099 6180 6261 6342 6423 6504 6585 6666 6747 6828 6909 6990 7071 7152 7233 7314 7395 7476 7557 7638 7719 7800 7881 7962 8043 8124 8205 8286 8367 8448 8529 8610 8691 8772 8853 8934 9015 9096 9177 9258 9339 9420 9501 9582 9663 9744 9825 9906 9987 
127 34 1687 1885 1895 1903 1913 1926 1941 1955 1968 1985 2077 2099 2118 2138 2159 2185 2214 2340 2377 2414 2450 2489 2530 2571 2613 2656 2698 2739 2782 2825 2870 2916 2963 3009 3056 3106 3155 3206 3259 3315 3373 3433 3494 3555 3617 3682 3749 3817 3884 3951 4020 4088 4156 4224 4292 4362 4434 4509 4584 4660 4737 4816 4895 4974 5054 5135 5215 5295 5375 5455 5535 5615 5695 5776 5857 5938 6019 6100 6181 6262 6343 6424 6505 6586 6667 6748 6829 6910 6991 7072 7153 7234 7315 7396 7477 7558 7639 7720 7801 7882 7963 8044 8125 8206 8287 8368 8449 8530 8611 8692 8773 8854 8935 9016 9097 9178 9259 9340 9421 9502 9583 9664 9745 9826 9907 9988 
106 35 1688 1734 1735 1746 1750 1752 1755 1808 1820 1841 1849 1858 1868 1876 1886 3156 3207 3260 3316 3374 3434 3495 3556 3618 3683 3750 3818 3885 3952 4021 4089 4157 4225 4293 4363 4435 4510 4585 4661 4738 4817 4896 4975 5055 5136 5216 5296 5376 5456 5536 5616 5696 5777 5858 5939 6020 6101 6182 6263 6344 6425 6506 6587 6668 6749 6830 6911 6992 7073 7154 7235 7316 7397 7478 7559 7640 7721 7802 7883 7964 8045 8126 8207 8288 8369 8450 8531 8612 8693 8774 8855 8936 9017 9098 9179 9260 9341 9422 9503 9584 9665 9746 9827 9908 9989 
115 36 1689 1842 1850 1859 1869 1877 1887 2160 2186 2215 2242 2572 2614 2657 2699 2740 2783 2826 2871 2917 2964 3010 3057 3107 3157 3208 3261 3317 3375 3435 3496 3557 3619 3684 3751 3819 3886 3953 4022 4090 4158 4226 4294 4364 4436 4511 4586 4662 4739 4818 4897 4976 5056 5137 5217 5297 5377 5457 5537 5617 5697 5778 5859 5940 6021 6102 6183 6264 6345 6426 6507 6588 6669 6750 6831 6912 6993 7074 7155 7236 7317 7398 7479 7560 7641 7722 7803 7884 7965 8046 8127 8208 8289 8370 8451 8532 8613 8694 8775 8856 8937 9018 9099 9180 9261 9342 9423 9504 9585 9666 9747 9828 9909 9990 
103 37 1690 2139 2161 2270 2307 2827 2872 2918 2965 3011 3058 3108 3158 3209 3262 3318 3376 3436 3497 3558 3620 3685 3752 3820 3887 3954 4023 4091 4159 4227 4295 4365 4437 4512 4587 4663 4740 4819 4898 4977 5057 5138 5218 5298 5378 5458 5538 5618 5698 5779 5860 5941 6022 6103 6184 6265 6346 6427 6508 6589 6670 6751 6832 6913 6994 7075 7156 7237 7318 7399 7480 7561 7642 7723 7804 7885 7966 8047 8128 8209 8290 8371 8452 8533 8614 8695 8776 8857 8938 9019 9100 9181 9262 9343 9424 9505 9586 9667 9748 9829 9910 9991 
102 38 1691 2700 2741 2784 2828 2873 2919 2966 3012 3059 3109 3159 3210 3263 3319 3377 3437 3498 3559 3621 3686 3753 3821 3888 3955 4024 4092 4160 4228 4296 4366 4438 4513 4588 4664 4741 4820 4899 4978 5058 5139 5219 5299 5379 5459 5539 5619 5699 5780 5861 5942 6023 6104 6185 6266 6347 6428 6509 6590 6671 6752 6833 6914 6995 7076 7157 7238 7319 7400 7481 7562 7643 7724 7805 7886 7967 8048 8129 8210 8291 8372 8453 8534 8615 8696 8777 8858 8939 9020 9101 9182 9263 9344 9425 9506 9587 9668 9749 9830 9911 9992 
100 39 1692 2785 2829 2874 2920 2967 3013 3060 3110 3160 3211 3264 3320 3378 3438 3499 3560 3622 3687 3754 3822 3889 3956 4025 4093 4161 4229 4297 4367 4439 4514 4589 4665 4742 4821 4900 4979 5059 5140 5220 5300 5380 5460 5540 5620 5700 5781 5862 5943 6024 6105 6186 6267 6348 6429 6510 6591 6672 6753 6834 6915 6996 7077 7158 7239 7320 7401 7482 7563 7644 7725 7806 7887 7968 8049 8130 8211 8292 8373 8454 8535 8616 8697 8778 8859 8940 9021 9102 9183 9264 9345 9426 9507 9588 9669 9750 9831 9912 9993 
121 40 1693 1782 1787 1790 1795 1801 2162 2187 2216 2243 2271 2341 2378 2415 2451 2490 2531 2573 2615 2658 2701 2742 2786 2830 2875 2921 2968 3014 3061 3111 3161 3212 3265 3321 3379 3439 3500 3561 3623 3688 3755 3823 3890 3957 4026 4094 4162 4230 4298 4368 4440 4515 4590 4666 4743 4822 4901 4980 5060 5141 5221 5301 5381 5461 5541 5621 5701 5782 5863 5944 6025 6106 6187 6268 6349 6430 6511 6592 6673 6754 6835 6916 6997 7078 7159 7240 7321 7402 7483 7564 7645 7726 7807 7888 7969 8050 8131 8212 8293 8374 8455 8536 8617 8698 8779 8860 8941 9022 9103 9184 9265 9346 9427 9508 9589 9670 9751 9832 9913 9994 
64 41 1694 5061 5142 5222 5302 5382 5462 5542 5622 5702 5783 5864 5945 6026 6107 6188 6269 6350 6431 6512 6593 6674 6755 6836 6917 6998 7079 7160 7241 7322 7403 7484 7565 7646 7727 7808 7889 7970 8051 8132 8213 8294 8375 8456 8537 8618 8699 8780 8861 8942 9023 9104 9185 9266 9347 9428 9509 9590 9671 9752 9833 9914 9995 
91 42 1695 3213 3266 3322 3380 3440 3501 3562 3624 3689 3756 3824 3891 3958 4027 4095 4163 4231 4299 4369 4441 4516 4591 4667 4744 4823 4902 4981 5062 5143 5223 5303 5383 5463 5543 5623 5703 5784 5865 5946 6027 6108 6189 6270 6351 6432 6513 6594 6675 6756 6837 6918 6999 7080 7161 7242 7323 7404 7485 7566 7647 7728 7809 7890 7971 8052 8133 8214 8295 8376 8457 8538 8619 8700 8781 8862 8943 9024 9105 9186 9267 9348 9429 9510 9591 9672 9753 9834 9915 9996 
102 43 1696 1809 2007 2030 2054 2078 2100 2119 2140 2163 2188 2217 2244 3267 3323 3381 3441 3502 3563 3625 3690 3757 3825 3892 3959 4028 4096 4164 4232 4300 4370 4442 4517 4592 4668 4745 4824 4903 4982 5063 5144 5224 5304 5384 5464 5544 5624 5704 5785 5866 5947 6028 6109 6190 6271 6352 6433 6514 6595 6676 6757 6838 6919 7000 7081 7162 7243 7324 7405 7486 7567 7648 7729 7810 7891 7972 8053 8134 8215 8296 8377 8458 8539 8620 8701 8782 8863 8944 9025 9106 9187 9268 9349 9430 9511 9592 9673 9754 9835 9916 9997 
101 44 1697 1969 1986 2008 2189 2218 2245 2272 2308 2616 2659 2702 2743 2787 2831 2876 2922 2969 3015 3062 3758 3826 3893 3960 4029 4097 4165 4233 4301 4371 4443 4518 4593 4669 4746 4825 4904 4983 5064 5145 5225 5305 5385 5465 5545 5625 5705 5786 5867 5948 6029 6110 6191 6272 6353 6434 6515 6596 6677 6758 6839 6920 7001 7082 7163 7244 7325 7406 7487 7568 7649 7730 7811 7892 7973 8054 8135 8216 8297 8378 8459 8540 8621 8702 8783 8864 8945 9026 9107 9188 9269 9350 9431 9512 9593 9674 9755 9836 9917 9998 
128 45 1698 1767 1810 1970 1987 2009 2031 2055 2079 2101 2120 2141 2164 2190 2219 2246 2273 2309 2342 2379 2416 2452 2491 2532 2574 2617 2660 2703 2744 2788 2832 2877 2923 2970 3016 3063 3112 3162 3214 3268 3324 3382 3442 3503 3564 3626 3691 3759 3827 3894 3961 4030 4098 4166 4234 4302 4372 4444 4519 4594 4670 4747 4826 4905 4984 5065 5146 5226 5306 5386 5466 5546 5626 5706 5787 5868 5949 6030 6111 6192 6273 6354 6435 6516 6597 6678 6759 6840 6921 7002 7083 7164 7245 7326 7407 7488 7569 7650 7731 7812 7893 7974 8055 8136 8217 8298 8379 8460 8541 8622 8703 8784 8865 8946 9027 9108 9189 9270 9351 9432 9513 9594 9675 9756 9837 9918 9999 
109 46 1699 1796 1802 1811 1821 2533 2575 2618 2661 2704 2745 2789 2833 2878 2924 2971 3017 3064 3113 3163 3215 3269 3325 3383 3443 3504 3565 3627 3692 3760 3828 3895 3962 4031 4099 4167 4235 4303 4373 4445 4520 4595 4671 4748 4827 4906 4985 5066 5147 5227 5307 5387 5467 5547 5627 5707 5788 5869 5950 6031 6112 6193 6274 6355 6436 6517 6598 6679 6760 6841 6922 7003 7084 7165 7246 7327 7408 7489 7570 7651 7732 7813 7894 7975 8056 8137 8218 8299 8380 8461 8542 8623 8704 8785 8866 8947 9028 9109 9190 9271 9352 9433 9514 9595 9676 9757 9838 9919 
77 47 1700 2191 2220 2247 2274 2492 4374 4446 4521 4596 4672 4749 4828 4907 4986 5067 5148 5228 5308 5388 5468 5548 5628 5708 5789 5870 5951 6032 6113 6194 6275 6356 6437 6518 6599 6680 6761 6842 6923 7004 7085 7166 7247 7328 7409 7490 7571 7652 7733 7814 7895 7976 8057 8138 8219 8300 8381 8462 8543 8624 8705 8786 8867 8948 9029 9110 9191 9272 9353 9434 9515 9596 9677 9758 9839 9920 
99 48 1701 2453 2493 2534 2576 2619 2662 2705 2746 2790 2834 2879 2925 3384 3444 3505 3566 3628 3693 3761 3829 3896 3963 4032 4100 4168 4236 4304 4375 4447 4522 4597 4673 4750 4829 4908 4987 5068 5149 5229 5309 5389 5469 5549 5629 5709 5790 5871 5952 6033 6114 6195 6276 6357 6438 6519 6600 6681 6762 6843 6924 7005 7086 7167 7248 7329 7410 7491 7572 7653 7734 7815 7896 7977 8058 8139 8220 8301 8382 8463 8544 8625 8706 8787 8868 8949 9030 9111 9192 9273 9354 9435 9516 9597 9678 9759 9840 9921 
132 49 1702 1773 1778 1783 1914 1927 1942 1956 1971 1988 2010 2032 2056 2080 2102 2121 2142 2165 2192 2221 2248 2275 2310 2343 2380 2417 2454 2494 2535 2577 2620 2663 2706 2747 2791 2835 2880 2926 2972 3018 3065 3114 3164 3216 3270 3326 3385 3445 3506 3567 3629 3694 3762 3830 3897 3964 4033 4101 4169 4237 4305 4376 4448 4523 4598 4674 4751 4830 4909 4988 5069 5150 5230 5310 5390 5470 5550 5630 5710 5791 5872 5953 6034 6115 6196 6277 6358 6439 6520 6601 6682 6763 6844 6925 7006 7087 7168 7249 7330 7411 7492 7573 7654 7735 7816 7897 7978 8059 8140 8221 8302 8383 8464 8545 8626 8707 8788 8869 8950 9031 9112 9193 9274 9355 9436 9517 9598 9679 9760 9841 9922 
89 50 1703 2222 2249 2276 2311 2344 2381 2418 2455 2495 2536 2578 3965 4034 4102 4170 4238 4306 4377 4449 4524 4599 4675 4752 4831 4910 4989 5070 5151 5231 5311 5391 5471 5551 5631 5711 5792 5873 5954 6035 6116 6197 6278 6359 6440 6521 6602 6683 6764 6845 6926 7007 7088 7169 7250 7331 7412 7493 7574 7655 7736 7817 7898 7979 8060 8141 8222 8303 8384 8465 8546 8627 8708 8789 8870 8951 9032 9113 9194 9275 9356 9437 9518 9599 9680 9761 9842 9923 
93 51 1704 1788 1791 1851 2166 2193 2223 2250 2277 2345 2382 2419 2456 2537 2579 2621 2664 3568 3630 3695 3763 3831 3898 3966 4035 4103 4171 4239 4307 4378 4450 4525 4600 4676 4753 4832 4911 4990 5071 5712 5793 5874 5955 6036 6117 6198 6279 6360 6441 6522 6603 6684 6765 6846 6927 7008 7089 7170 7251 7332 7413 7494 7575 7656 7737 7818 7899 7980 8061 8142 8223 8304 8385 8466 8547 8628 8709 8790 8871 8952 9033 9114 9195 9276 9357 9438 9519 9600 9681 9762 9843 9924 
105 52 1705 1742 1744 1745 2665 2707 2748 2792 2836 2881 2927 2973 3019 3066 3115 3165 3217 3271 3327 3386 3446 3507 3569 3631 3696 3764 3832 3899 3967 4036 4104 4172 4240 4308 4379 4451 4526 4601 4677 4754 4833 4912 4991 5072 5152 5232 5312 5392 5472 5552 5632 5713 5794 5875 5956 6037 6118 6199 6280 6361 6442 6523 6604 6685 6766 6847 6928 7009 7090 7171 7252 7333 7414 7495 7576 7657 7738 7819 7900 7981 8062 8143 8224 8305 8386 8467 8548 8629 8710 8791 8872 8953 9034 9115 9196 9277 9358 9439 9520 9601 9682 9763 9844 9925 
114 53 1706 1738 2251 2278 2312 2346 2383 2420 2457 2496 2538 2580 2622 2666 2708 2749 2793 2837 2882 2928 2974 3020 3067 3116 3166 3218 3272 3328 3387 3447 3508 3570 3632 3697 3765 3833 3900 3968 4037 4105 4173 4241 4309 4380 4452 4527 4602 4678 4755 4834 4913 4992 5073 5153 5233 5313 5393 5473 5553 5633 5714 5795 5876 5957 6038 6119 6200 6281 6362 6443 6524 6605 6686 6767 6848 6929 7010 7091 7172 7253 7334 7415 7496 7577 7658 7739 7820 7901 7982 8063 8144 8225 8306 8387 8468 8549 8630 8711 8792 8873 8954 9035 9116 9197 9278 9359 9440 9521 9602 9683 9764 9845 9926 
118 54 1707 1928 1943 1957 1972 1989 2011 2279 2313 2347 2384 2421 2458 2497 2539 2581 2623 2667 2709 2750 2794 2838 2883 2929 2975 3021 3068 3117 3167 3219 3273 3329 3388 3448 3509 3571 3633 3698 3766 3834 3901 3969 4038 4106 4174 4242 4310 4381 4453 4528 4603 4679 4756 4835 4914 4993 5074 5154 5234 5314 5394 5474 5554 5634 5715 5796 5877 5958 6039 6120 6201 6282 6363 6444 6525 6606 6687 6768 6849 6930 7011 7092 7173 7254 7335 7416 7497 7578 7659 7740 7821 7902 7983 8064 8145 8226 8307 8388 8469 8550 8631 8712 8793 8874 8955 9036 9117 9198 9279 9360 9441 9522 9603 9684 9765 9846 9927 
101 55 1708 1860 2751 2795 2839 2884 2930 2976 3022 3069 3118 3168 3220 3274 3330 3389 3449 3510 3572 3634 3699 3767 3835 3902 3970 4039 4107 4175 4243 4311 4382 4454 4529 4604 4680 4757 4836 4915 4994 5075 5155 5235 5315 5395 5475 5555 5635 5716 5797 5878 5959 6040 6121 6202 6283 6364 6445 6526 6607 6688 6769 6850 6931 7012 7093 7174 7255 7336 7417 7498 7579 7660 7741 7822 7903 7984 8065 8146 8227 8308 8389 8470 8551 8632 8713 8794 8875 8956 9037 9118 9199 9280 9361 9442 9523 9604 9685 9766 9847 9928 
122 56 1709 1812 1822 1832 1837 1843 1852 1861 1929 1944 1958 1973 1990 2012 2033 2194 2459 2498 2540 2582 2624 2668 2710 2752 2796 2840 2885 2931 2977 3023 3070 3119 3169 3221 3275 3331 3390 3450 3511 3573 3635 3700 3768 3836 3903 3971 4040 4108 4176 4244 4312 4383 4455 4530 4605 4681 4758 4837 4916 4995 5076 5156 5236 5316 5396 5476 5556 5636 5717 5798 5879 5960 6041 6122 6203 6284 6365 6446 6527 6608 6689 6770 6851 6932 7013 7094 7175 7256 7337 7418 7499 7580 7661 7742 7823 7904 7985 8066 8147 8228 8309 8390 8471 8552 8633 8714 8795 8876 8957 9038 9119 9200 9281 9362 9443 9524 9605 9686 9767 9848 9929 
106 57 1710 1747 1813 1823 2625 2669 2711 2753 2797 2841 2886 2932 2978 3024 3071 3120 3170 3222 3276 3332 3391 3451 3512 3574 3636 3701 3769 3837 3904 3972 4041 4109 4177 4245 4313 4384 4456 4531 4606 4682 4759 4838 4917 4996 5077 5157 5237 5317 5397 5477 5557 5637 5718 5799 5880 5961 6042 6123 6204 6285 6366 6447 6528 6609 6690 6771 6852 6933 7014 7095 7176 7257 7338 7419 7500 7581 7662 7743 7824 7905 7986 8067 8148 8229 8310 8391 8472 8553 8634 8715 8796 8877 8958 9039 9120 9201 9282 9363 9444 9525 9606 9687 9768 9849 9930 
83 58 1711 3637 3702 3770 3838 3905 3973 4042 4110 4178 4246 4314 4385 4457 4532 4607 4683 4760 4839 4918 4997 5078 5158 5238 5318 5398 5478 5558 5638 5719 5800 5881 5962 6043 6124 6205 6286 6367 6448 6529 6610 6691 6772 6853 6934 7015 7096 7177 7258 7339 7420 7501 7582 7663 7744 7825 7906 7987 8068 8149 8230 8311 8392 8473 8554 8635 8716 8797 8878 8959 9040 9121 9202 9283 9364 9445 9526 9607 9688 9769 9850 9931 
104 59 1712 2143 2167 2195 2224 2252 2280 2314 2887 2933 2979 3025 3072 3121 3171 3223 3277 3333 3392 3452 3513 3575 3638 3703 3771 3839 3906 3974 4043 4111 4179 4247 4315 4386 4458 4533 4608 4684 4761 4840 4919 4998 5079 5159 5239 5319 5399 5479 5559 5639 5720 5801 5882 5963 6044 6125 6206 6287 6368 6449 6530 6611 6692 6773 6854 6935 7016 7097 7178 7259 7340 7421 7502 7583 7664 7745 7826 7907 7988 8069 8150 8231 8312 8393 8474 8555 8636 8717 8798 8879 8960 9041 9122 9203 9284 9365 9446 9527 9608 9689 9770 9851 9932 
125 60 1713 1737 1748 1779 1784 1797 1803 1814 1824 1833 1838 1844 1853 1862 1870 1878 1888 1904 1915 1930 1945 1959 1974 1991 2013 2034 2057 2081 2842 2888 2934 2980 3026 3073 3122 3172 3224 3278 3334 3393 3453 3514 3576 3639 3704 3772 3840 3907 3975 4044 4112 4180 4248 4316 4387 4459 4534 4609 4685 4762 4841 4920 4999 5080 5160 5240 5320 5400 5480 5560 5640 5721 5802 5883 5964 6045 6126 6207 6288 6369 6450 6531 6612 6693 6774 6855 6936 7017 7098 7179 7260 7341 7422 7503 7584 7665 7746 7827 7908 7989 8070 8151 8232 8313 8394 8475 8556 8637 8718 8799 8880 8961 9042 9123 9204 9285 9366 9447 9528 9609 9690 9771 9852 9933 
85 61 1714 1916 2014 2035 3705 3773 3841 3908 3976 4045 4113 4181 4249 4317 4388 4460 4535 4610 4686 4763 4842 4921 5000 5081 5161 5241 5321 5401 5481 5561 5641 5722 5803 5884 5965 6046 6127 6208 6289 6370 6451 6532 6613 6694 6775 6856 6937 7018 7099 7180 7261 7342 7423 7504 7585 7666 7747 7828 7909 7990 8071 8152 8233 8314 8395 8476 8557 8638 8719 8800 8881 8962 9043 9124 9205 9286 9367 9448 9529 9610 9691 9772 9853 9934 
107 62 1715 1975 1992 2015 2036 2058 2082 2103 2122 2144 2168 2196 2225 2281 2315 2348 2385 2422 2460 2499 3335 3394 3454 3515 3577 3640 3706 3774 3842 3909 3977 4046 4114 4182 4250 4318 4389 4461 4536 4611 4687 4764 4843 4922 5001 5082 5162 5242 5322 5402 5482 5562 5642 5723 5804 5885 5966 6047 6128 6209 6290 6371 6452 6533 6614 6695 6776 6857 6938 7019 7100 7181 7262 7343 7424 7505 7586 7667 7748 7829 7910 7991 8072 8153 8234 8315 8396 8477 8558 8639 8720 8801 8882 8963 9044 9125 9206 9287 9368 9449 9530 9611 9692 9773 9854 9935 
72 63 1716 2316 2349 2386 4612 4688 4765 4844 4923 5002 5083 5163 5243 5323 5403 5483 5563 5643 5724 5805 5886 5967 6048 6129 6210 6291 6372 6453 6534 6615 6696 6777 6858 6939 7020 7101 7182 7263 7344 7425 7506 7587 7668 7749 7830 7911 7992 8073 8154 8235 8316 8397 8478 8559 8640 8721 8802 8883 8964 9045 9126 9207 9288 9369 9450 9531 9612 9693 9774 9855 9936 
109 64 1717 2016 2037 2059 2500 2541 2583 2626 2670 2712 2754 2798 2843 2889 2935 2981 3027 3074 3123 3173 3225 3279 3336 3395 3455 3516 3578 3641 3707 3775 3843 3910 3978 4047 4115 4183 4251 4319 4390 4462 4537 4613 4689 4766 4845 4924 5003 5084 5164 5244 5324 5404 5484 5564 5644 5725 5806 5887 5968 6049 6130 6211 6292 6373 6454 6535 6616 6697 6778 6859 6940 7021 7102 7183 7264 7345 7426 7507 7588 7669 7750 7831 7912 7993 8074 8155 8236 8317 8398 8479 8560 8641 8722 8803 8884 8965 9046 9127 9208 9289 9370 9451 9532 9613 9694 9775 9856 9937 
119 65 1718 1740 1743 1768 1774 1780 1785 2253 2282 2317 2350 2387 2423 2461 2501 2542 2584 2627 2671 2713 2755 2799 2844 2890 2936 2982 3028 3075 3124 3174 3226 3280 3337 3396 3456 3517 3579 3642 3708 3776 3844 3911 3979 4048 4116 4184 4252 4320 4391 4463 4538 4614 4690 4767 4846 4925 5004 5085 5165 5245 5325 5405 5485 5565 5645 5726 5807 5888 5969 6050 6131 6212 6293 6374 6455 6536 6617 6698 6779 6860 6941 7022 7103 7184 7265 7346 7427 7508 7589 7670 7751 7832 7913 7994 8075 8156 8237 8318 8399 8480 8561 8642 8723 8804 8885 8966 9047 9128 9209 9290 9371 9452 9533 9614 9695 9776 9857 9938 
112 66 1719 1845 1854 1863 1871 1879 1889 1896 2283 2318 2351 2388 2424 2462 2502 2543 2585 2937 2983 3029 3076 3125 3175 3227 3281 3338 3397 3457 3518 3580 3643 3709 3777 3845 3912 3980 4049 4117 4185 4253 4321 4392 4464 4539 4615 4691 4768 4847 4926 5005 5086 5166 5246 5326 5406 5486 5566 5646 5727 5808 5889 5970 6051 6132 6213 6294 6375 6456 6537 6618 6699 6780 6861 6942 7023 7104 7185 7266 7347 7428 7509 7590 7671 7752 7833 7914 7995 8076 8157 8238 8319 8400 8481 8562 8643 8724 8805 8886 8967 9048 9129 9210 9291 9372 9453 9534 9615 9696 9777 9858 9939 
99 67 1720 1825 2083 2104 2123 2586 2628 2672 2714 2756 2800 2845 2891 2938 2984 3030 3077 3126 3176 3228 3282 3339 3398 3458 3519 3581 3644 3710 3778 4465 4540 4616 4692 4769 4848 4927 5006 5087 5167 5247 5327 5407 5487 5567 5647 5728 5809 5890 5971 6052 6133 6214 6295 6376 6457 6538 6619 6700 6781 6862 6943 7024 7105 7186 7267 7348 7429 7510 7591 7672 7753 7834 7915 7996 8077 8158 8239 8320 8401 8482 8563 8644 8725 8806 8887 8968 9049 9130 9211 9292 9373 9454 9535 9616 9697 9778 9859 9940 
90 68 1721 1798 3283 3340 3399 3459 3520 3582 3645 3711 3779 3846 3913 3981 4050 4118 4186 4254 4322 4393 4466 4541 4617 4693 4770 4849 4928 5007 5088 5168 5248 5328 5408 5488 5568 5648 5729 5810 5891 5972 6053 6134 6215 6296 6377 6458 6539 6620 6701 6782 6863 6944 7025 7106 7187 7268 7349 7430 7511 7592 7673 7754 7835 7916 7997 8078 8159 8240 8321 8402 8483 8564 8645 8726 8807 8888 8969 9050 9131 9212 9293 9374 9455 9536 9617 9698 9779 9860 9941 
108 69 1722 2284 2319 2352 2389 2425 2463 2503 2544 2587 2629 2673 2715 2939 2985 3031 3078 3127 3177 3229 3284 3341 3400 3460 3521 3583 3646 3712 3780 3847 3914 3982 4051 4119 4187 4255 4323 4394 4467 4542 4618 4694 4771 4850 4929 5008 5089 5169 5249 5329 5409 5489 5569 5649 5730 5811 5892 5973 6054 6135 6216 6297 6378 6459 6540 6621 6702 6783 6864 6945 7026 7107 7188 7269 7350 7431 7512 7593 7674 7755 7836 7917 7998 8079 8160 8241 8322 8403 8484 8565 8646 8727 8808 8889 8970 9051 9132 9213 9294 9375 9456 9537 9618 9699 9780 9861 9942 
124 70 1723 1762 1769 1792 1839 1846 1855 1864 1872 1880 1890 1897 1905 2285 2320 2353 2390 2426 2464 2504 2545 2588 2630 2674 2716 2757 2801 2846 2892 2940 2986 3032 3079 3128 3178 3230 3285 3342 3401 3461 3522 3584 3647 3713 3781 3848 3915 3983 4052 4120 4188 4256 4324 4395 4468 4543 4619 4695 4772 4851 4930 5009 5090 5170 5250 5330 5410 5490 5570 5650 5731 5812 5893 5974 6055 6136 6217 6298 6379 6460 6541 6622 6703 6784 6865 6946 7027 7108 7189 7270 7351 7432 7513 7594 7675 7756 7837 7918 7999 8080 8161 8242 8323 8404 8485 8566 8647 8728 8809 8890 8971 9052 9133 9214 9295 9376 9457 9538 9619 9700 9781 9862 9943 
115 71 1724 2197 2226 2254 2286 2321 2354 2391 2427 2465 2505 2546 2589 2631 2675 2717 2758 2802 2847 2893 2941 2987 3033 3080 3129 3179 3231 3286 3343 3402 3462 3523 3585 3648 3714 3782 3849 3916 3984 4053 4121 4189 4257 4325 4396 4469 4544 4620 4696 4773 4852 4931 5010 5091 5171 5251 5331 5411 5491 5571 5651 5732 5813 5894 5975 6056 6137 6218 6299 6380 6461 6542 6623 6704 6785 6866 6947 7028 7109 7190 7271 7352 7433 7514 7595 7676 7757 7838 7919 8000 8081 8162 8243 8324 8405 8486 8567 8648 8729 8810 8891 8972 9053 9134 9215 9296 9377 9458 9539 9620 9701 9782 9863 9944 
125 72 1725 1976 1993 2017 2038 2060 2084 2105 2124 2145 2169 2198 2227 2255 2287 2322 2355 2392 2428 2466 2506 2547 2590 2632 2676 2718 2759 2803 2848 2894 2942 2988 3034 3081 3130 3180 3232 3287 3344 3403 3463 3524 3586 3649 3715 3783 3850 3917 3985 4054 4122 4190 4258 4326 4397 4470 4545 4621 4697 4774 4853 4932 5011 5092 5172 5252 5332 5412 5492 5572 5652 5733 5814 5895 5976 6057 6138 6219 6300 6381 6462 6543 6624 6705 6786 6867 6948 7029 7110 7191 7272 7353 7434 7515 7596 7677 7758 7839 7920 8001 8082 8163 8244 8325 8406 8487 8568 8649 8730 8811 8892 8973 9054 9135 9216 9297 9378 9459 9540 9621 9702 9783 9864 9945 
115 73 1726 1756 1759 1931 1946 1960 1977 1994 2018 2039 2061 2085 2106 2633 2677 2719 2760 2804 2849 2895 2943 2989 3035 3082 3131 3181 3233 3288 3345 3404 3464 3525 3587 3650 3716 3784 3851 3918 3986 4055 4123 4191 4259 4327 4398 4471 4546 4622 4698 4775 4854 4933 5012 5093 5173 5253 5333 5413 5493 5573 5653 5734 5815 5896 5977 6058 6139 6220 6301 6382 6463 6544 6625 6706 6787 6868 6949 7030 7111 7192 7273 7354 7435 7516 7597 7678 7759 7840 7921 8002 8083 8164 8245 8326 8407 8488 8569 8650 8731 8812 8893 8974 9055 9136 9217 9298 9379 9460 9541 9622 9703 9784 9865 9946 
124 74 1727 1906 1917 1995 2019 2040 2062 2086 2107 2125 2146 2170 2199 2228 2288 2323 2356 2393 2429 2467 2507 2548 2591 2634 2678 2720 2761 2805 2850 2896 2944 2990 3036 3083 3132 3234 3289 3346 3405 3465 3526 3588 3651 3717 3785 3852 3919 3987 4056 4124 4192 4260 4328 4399 4472 4547 4623 4699 4776 4855 4934 5013 5094 5174 5254 5334 5414 5494 5574 5654 5735 5816 5897 5978 6059 6140 6221 6302 6383 6464 6545 6626 6707 6788 6869 6950 7031 7112 7193 7274 7355 7436 7517 7598 7679 7760 7841 7922 8003 8084 8165 8246 8327 8408 8489 8570 8651 8732 8813 8894 8975 9056 9137 9218 9299 9380 9461 9542 9623 9704 9785 9866 9947 
127 75 1728 1751 1753 1978 1996 2020 2041 2063 2087 2108 2126 2147 2171 2200 2229 2256 2289 2324 2357 2394 2430 2468 2508 2549 2592 2635 2679 2721 2762 2806 2851 2897 2945 2991 3037 3084 3133 3182 3235 3290 3347 3406 3466 3527 3589 3652 3718 3786 3853 3920 3988 4057 4125 4193 4261 4329 4400 4473 4548 4624 4700 4777 4856 4935 5014 5095 5175 5255 5335 5415 5495 5575 5655 5736 5817 5898 5979 6060 6141 6222 6303 6384 6465 6546 6627 6708 6789 6870 6951 7032 7113 7194 7275 7356 7437 7518 7599 7680 7761 7842 7923 8004 8085 8166 8247 8328 8409 8490 8571 8652 8733 8814 8895 8976 9057 9138 9219 9300 9381 9462 9543 9624 9705 9786 9867 9948 
88 76 1729 3348 3407 3467 3528 3590 3653 3719 3787 3854 3921 3989 4058 4126 4194 4262 4330 4401 4474 4549 4625 4701 4778 4857 4936 5015 5096 5176 5256 5336 5416 5496 5576 5656 5737 5818 5899 5980 6061 6142 6223 6304 6385 6466 6547 6628 6709 6790 6871 6952 7033 7114 7195 7276 7357 7438 7519 7600 7681 7762 7843 7924 8005 8086 8167 8248 8329 8410 8491 8572 8653 8734 8815 8896 8977 9058 9139 9220 9301 9382 9463 9544 9625 9706 9787 9868 9949 
92 77 1730 1898 1907 1918 1932 1947 1961 1979 1997 2021 2042 2064 2088 2109 2127 2148 2172 2201 2230 2257 2290 4402 4475 4550 4626 4702 4779 4858 4937 5016 5097 5177 5257 5337 5417 5497 5577 5657 5738 5819 5900 5981 6062 6143 6224 6305 6386 6467 6548 6629 6710 6791 6872 6953 7034 7115 7196 7277 7358 7439 7520 7601 7682 7763 7844 7925 8006 8087 8168 8249 8330 8411 8492 8573 8654 8735 8816 8897 8978 9059 9140 9221 9302 9383 9464 9545 9626 9707 9788 9869 9950 
92 78 1731 1834 2022 2043 2065 2089 2110 2128 2509 2550 3654 3720 3788 3855 3922 3990 4059 4127 4195 4263 4331 4403 4476 4551 4627 4703 4780 4859 4938 5017 5098 5178 5258 5338 5418 5498 5578 5658 5739 5820 5901 5982 6063 6144 6225 6306 6387 6468 6549 6630 6711 6792 6873 6954 7035 7116 7197 7278 7359 7440 7521 7602 7683 7764 7845 7926 8007 8088 8169 8250 8331 8412 8493 8574 8655 8736 8817 8898 8979 9060 9141 9222 9303 9384 9465 9546 9627 9708 9789 9870 9951 
98 79 1732 2129 2149 2173 2202 2231 2258 2291 3183 3236 3291 3349 3408 3468 3529 3591 3655 3721 3789 3856 3923 3991 4060 4128 4196 4264 4332 4404 4477 4552 4628 4704 4781 4860 4939 5018 5099 5179 5259 5339 5419 5499 5579 5659 5740 5821 5902 5983 6064 6145 6226 6307 6388 6469 6550 6631 6712 6793 6874 6955 7036 7117 7198 7279 7360 7441 7522 7603 7684 7765 7846 7927 8008 8089 8170 8251 8332 8413 8494 8575 8656 8737 8818 8899 8980 9061 9142 9223 9304 9385 9466 9547 9628 9709 9790 9871 9952 
81 80 1733 1754 1760 1763 1770 2044 2066 2090 2292 2325 2358 2395 2431 2469 2510 2551 2593 2636 5019 5100 5180 5260 5340 5420 5500 5580 5660 5741 5822 5903 5984 6065 6146 6227 6308 6389 6470 6551 6632 6713 6794 6875 6956 7037 7118 7199 7280 7361 7442 7523 7604 7685 7766 7847 7928 8009 8090 8171 8252 8333 8414 8495 8576 8657 8738 8819 8900 8981 9062 9143 9224 9305 9386 9467 9548 9629 9710 9791 9872 9953 
