2 0 101 
3 1 102 257 
4 2 103 148 149 
2 3 104 
5 4 105 177 181 274 
2 5 106 
3 6 107 176 
3 7 108 138 
2 8 109 
3 9 110 145 
2 10 111 
2 11 112 
4 12 113 207 208 
2 13 114 
2 14 115 
3 15 116 143 
2 16 117 
2 17 118 
2 18 119 
2 19 120 
2 20 121 
2 21 122 
2 22 123 
2 23 124 
3 24 125 183 
2 25 126 
4 26 127 163 206 
17 27 128 252 253 254 255 256 279 280 282 283 287 288 289 291 292 293 
13 28 129 195 196 258 262 264 265 266 268 269 270 278 
2 29 130 
2 30 131 
2 31 132 
6 32 133 156 157 191 192 
3 33 134 152 
2 34 135 
7 35 136 160 228 295 297 298 
3 36 137 154 
1 37 
2 38 178 
2 39 231 
3 40 271 272 
2 41 140 
1 42 
1 43 
3 44 190 194 
1 45 
1 46 
1 47 
1 48 
1 49 
1 50 
1 51 
1 52 
4 53 217 219 229 
2 54 142 
1 55 
3 56 172 173 
3 57 185 186 
3 58 166 169 
1 59 
2 60 182 
1 61 
8 62 158 202 204 205 248 250 251 
3 63 188 189 
1 64 
1 66 
1 67 
1 68 
1 69 
1 70 
1 71 
2 72 147 
1 73 
3 74 174 175 
2 75 153 
1 76 
1 77 
1 78 
5 79 201 214 213 215 
3 80 150 151 
1 81 
1 82 
1 83 
1 84 
3 85 144 155 
1 86 
2 87 141 
4 88 146 209 211 
1 89 
1 90 
9 91 222 223 235 236 237 238 239 240 
2 92 165 
1 93 
1 94 
5 95 170 197 199 233 
6 96 241 242 243 244 247 
1 97 
1 98 
2 99 139 
1 100 
